[gd_scene load_steps=9 format=2]

[ext_resource path="res://world/Surface.tscn" type="PackedScene" id=1]
[ext_resource path="res://astronaut/Astronaut.tscn" type="PackedScene" id=2]
[ext_resource path="res://astronaut/CamOrigin.tscn" type="PackedScene" id=3]
[ext_resource path="res://base/Habitat.tscn" type="PackedScene" id=4]
[ext_resource path="res://props/rock/LargeRock.tscn" type="PackedScene" id=5]
[ext_resource path="res://world/World.gd" type="Script" id=6]
[ext_resource path="res://default_env.tres" type="Environment" id=7]
[ext_resource path="res://sound/wind.ogg" type="AudioStream" id=8]

[node name="World" type="Spatial"]
script = ExtResource( 6 )
environment = ExtResource( 7 )
day_time = 60.0
max_days = 5

[node name="Light" type="DirectionalLight" parent="."]
transform = Transform( 0.866025, 4.12953e-07, 0.5, -0.12941, 0.965926, 0.224144, -0.482963, -0.258819, 0.836516, 0, 0, 0 )
light_energy = 0.5
__meta__ = {
"_edit_group_": true,
"_edit_lock_": true
}

[node name="Surface" parent="." instance=ExtResource( 1 )]
astronaut = NodePath("../Astronaut")

[node name="CamOrigin" parent="." instance=ExtResource( 3 )]
astronaut_path = NodePath("../Astronaut")

[node name="Habitat" parent="." instance=ExtResource( 4 )]
transform = Transform( 1, 0, 0, 0, 1, 0, 0, 0, 1, 0, -0.1, 0 )

[node name="Astronaut" parent="." instance=ExtResource( 2 )]
transform = Transform( 1, 0, 0, 0, 1, 0, 0, 0, 1, 0, 1, 0 )
cam_origin_path = NodePath("../CamOrigin")

[node name="Rocks" type="Node" parent="."]

[node name="LargeRock" parent="Rocks" instance=ExtResource( 5 )]
transform = Transform( 1, 0, 0, 0, 1, 0, 0, 0, 1, -27, 0, 8 )

[node name="LargeRock2" parent="Rocks" instance=ExtResource( 5 )]
transform = Transform( 0.707107, 0, 0.707107, 0, 1, 0, -0.707107, 0, 0.707107, 6, 0, 22 )

[node name="LargeRock3" parent="Rocks" instance=ExtResource( 5 )]
transform = Transform( -0.258819, 0, 0.965926, 0, 1, 0, -0.965926, 0, -0.258819, 14, 0, -41 )

[node name="LargeRock10" parent="Rocks" instance=ExtResource( 5 )]
transform = Transform( -0.258819, 0, 0.965926, 0, 1, 0, -0.965926, 0, -0.258819, -43, 0, -8 )

[node name="LargeRock11" parent="Rocks" instance=ExtResource( 5 )]
transform = Transform( -0.866025, 0, 0.5, 0, 1, 0, -0.5, 0, -0.866025, -37, 0, 36 )

[node name="LargeRock9" parent="Rocks" instance=ExtResource( 5 )]
transform = Transform( 0.707107, 0, 0.707107, 0, 1, 0, -0.707107, 0, 0.707107, 32, 0, 5 )

[node name="LargeRock4" parent="Rocks" instance=ExtResource( 5 )]
transform = Transform( -0.258819, 0, 0.965926, 0, 1, 0, -0.965926, 0, -0.258819, 1, 0, -22 )

[node name="LargeRock5" parent="Rocks" instance=ExtResource( 5 )]
transform = Transform( -0.965926, 0, 0.258819, 0, 1, 0, -0.258819, 0, -0.965926, 34, 0, -19 )

[node name="LargeRock6" parent="Rocks" instance=ExtResource( 5 )]
transform = Transform( -0.707107, 0, -0.707107, 0, 1, 0, 0.707107, 0, -0.707107, -19, 0, 28 )

[node name="LargeRock7" parent="Rocks" instance=ExtResource( 5 )]
transform = Transform( -0.707107, 0, -0.707107, 0, 1, 0, 0.707107, 0, -0.707107, -27, 0, -26 )

[node name="LargeRock8" parent="Rocks" instance=ExtResource( 5 )]
transform = Transform( 1.78814e-07, 0, -1, 0, 1, 0, 1, 0, 1.78814e-07, 33, 0, 23 )

[node name="Wind" type="AudioStreamPlayer" parent="."]
stream = ExtResource( 8 )
volume_db = -8.0
autoplay = true
mix_target = 2
